{
  "model": {
    "version": 2,
    "nodes": [
      {
        "name": "RootNode",
        "position": [
          0,
          0,
          0
        ],
        "rotation": [
          0,
          0,
          0
        ],
        "scale": [
          1,
          1,
          1
        ],
        "scaleCompensation": false
      },
      {
        "name": "CharacterRoot",
        "position": [
          0,
          0,
          0
        ],
        "rotation": [
          0,
          0,
          0
        ],
        "scale": [
          0.01,
          0.01,
          0.01
        ],
        "scaleCompensation": false
      },
      {
        "name": "SquashStretchRoot",
        "position": [
          0,
          0,
          0
        ],
        "rotation": [
          0,
          0,
          0
        ],
        "scale": [
          1,
          1,
          1
        ],
        "scaleCompensation": false
      },
      {
        "name": "CharacterBones",
        "position": [
          0,
          0,
          0
        ],
        "rotation": [
          0,
          0,
          0
        ],
        "scale": [
          1,
          1,
          1
        ],
        "scaleCompensation": false
      },
      {
        "name": "Hips_Ex_RH-Character",
        "position": [
          -0.00153806,
          103.412,
          0.470117
        ],
        "rotation": [
          0,
          -0.00000500883,
          0
        ],
        "scale": [
          1,
          1,
          1
        ],
        "scaleCompensation": false
      },
      {
        "name": "Spine_Ex_RH-Character",
        "position": [
          8.66524e-8,
          10.0612,
          0.991213
        ],
        "rotation": [
          90.581,
          0,
          0
        ],
        "scale": [
          1,
          1,
          1
        ],
        "scaleCompensation": false
      },
      {
        "name": "Spine1_Ex_RH-Character",
        "position": [
          -7.31472e-9,
          -2.90984e-7,
          -11.3464
        ],
        "rotation": [
          -4.31752,
          -1.42182e-22,
          -0.00000500902
        ],
        "scale": [
          1,
          1,
          1
        ],
        "scaleCompensation": false
      },
      {
        "name": "Spine2_Ex_RH-Character",
        "position": [
          0,
          -6.11973e-8,
          -10.8068
        ],
        "rotation": [
          -2.16307,
          0,
          0
        ],
        "scale": [
          1,
          1,
          1
        ],
        "scaleCompensation": false
      },
      {
        "name": "Neck_Ex_RH-Character",
        "position": [
          0,
          9.00635e-8,
          -30.5563
        ],
        "rotation": [
          20.0534,
          0,
          0
        ],
        "scale": [
          1,
          1,
          1
        ],
        "scaleCompensation": false
      },
      {
        "name": "Head_Ex_RH-Character",
        "position": [
          0,
          -1.52579e-7,
          -8.18777
        ],
        "rotation": [
          -14.1538,
          -0.00639003,
          0.0106998
        ],
        "scale": [
          1,
          1,
          1
        ],
        "scaleCompensation": false
      },
      {
        "name": "Face_Ex_RH-Character",
        "position": [
          0,
          0,
          0
        ],
        "rotation": [
          0,
          0,
          0
        ],
        "scale": [
          0.1,
          0.1,
          0.2
        ],
        "scaleCompensation": false
      },
      {
        "name": "HatNode",
        "position": [
          0,
          0,
          0
        ],
        "rotation": [
          0,
          0,
          0
        ],
        "scale": [
          1,
          1,
          1
        ],
        "scaleCompensation": false
      },
      {
        "name": "LeftShoulder_Ex_RH-Character",
        "position": [
          4.00154,
          -0.501718,
          -23.5172
        ],
        "rotation": [
          128.685,
          -80.5705,
          -129.264
        ],
        "scale": [
          1,
          1,
          1
        ],
        "scaleCompensation": false
      },
      {
        "name": "LeftArm_Ex_RH-Character",
        "position": [
          -1.28186e-7,
          -3.55459e-8,
          -18.1682
        ],
        "rotation": [
          2.72741,
          -1.35902,
          -178.489
        ],
        "scale": [
          1,
          1,
          1
        ],
        "scaleCompensation": false
      },
      {
        "name": "LeftForeArm_Ex_RH-Character",
        "position": [
          -1.9051e-9,
          1.1768e-8,
          -26.6112
        ],
        "rotation": [
          -3.80712,
          -4.21079,
          0.140009
        ],
        "scale": [
          1,
          1,
          1
        ],
        "scaleCompensation": false
      },
      {
        "name": "LeftHand_Ex_RH-Character",
        "position": [
          1.42197e-7,
          -3.16911e-8,
          -34.7635
        ],
        "rotation": [
          -0.675516,
          1.72661,
          0.0248663
        ],
        "scale": [
          1,
          1,
          1
        ],
        "scaleCompensation": false
      },
      {
        "name": "LeftThumb1_Ex_RH-Character",
        "position": [
          -1.14441,
          -3.35326,
          -3.10696
        ],
        "rotation": [
          -43.9141,
          -43.6522,
          -59.702
        ],
        "scale": [
          1,
          1,
          1
        ],
        "scaleCompensation": false
      },
      {
        "name": "LeftThumb2_Ex_RH-Character",
        "position": [
          -1.05167e-7,
          -8.13011e-9,
          -2.72066
        ],
        "rotation": [
          -0.000146862,
          13.7001,
          -0.00000855771
        ],
        "scale": [
          1,
          1,
          1
        ],
        "scaleCompensation": false
      },
      {
        "name": "LeftThumb3_Ex_RH-Character",
        "position": [
          -2.06681e-8,
          8.33542e-8,
          -2.13939
        ],
        "rotation": [
          0.000116113,
          -0.0000409811,
          0.00000170746
        ],
        "scale": [
          1,
          1,
          1
        ],
        "scaleCompensation": false
      },
      {
        "name": "LeftIndex1_Ex_RH-Character",
        "position": [
          1.07187,
          -3.84663,
          -10.2648
        ],
        "rotation": [
          -9.00494,
          -3.89048,
          -3.06721
        ],
        "scale": [
          1,
          1,
          1
        ],
        "scaleCompensation": false
      },
      {
        "name": "LeftIndex2_Ex_RH-Character",
        "position": [
          1.10393e-8,
          -5.88615e-8,
          -3.23194
        ],
        "rotation": [
          0.00000234102,
          5.39989,
          -2.38026e-23
        ],
        "scale": [
          1,
          1,
          1
        ],
        "scaleCompensation": false
      },
      {
        "name": "LeftIndex3_Ex_RH-Character",
        "position": [
          -1.70496e-8,
          -1.12722e-8,
          -3.17923
        ],
        "rotation": [
          -0.00000431134,
          -5.69996,
          0.0000176202
        ],
        "scale": [
          1,
          1,
          1
        ],
        "scaleCompensation": false
      },
      {
        "name": "LeftRing1_Ex_RH-Character",
        "position": [
          0.705404,
          3.12991,
          -10.8482
        ],
        "rotation": [
          6.21547,
          -5.7465,
          3.99357
        ],
        "scale": [
          1,
          1,
          1
        ],
        "scaleCompensation": false
      },
      {
        "name": "LeftRing2_Ex_RH-Character",
        "position": [
          -3.53123e-9,
          9.09037e-9,
          -3.0288
        ],
        "rotation": [
          -0.00000677406,
          5.09981,
          -4.75823e-23
        ],
        "scale": [
          1,
          1,
          1
        ],
        "scaleCompensation": false
      },
      {
        "name": "LeftRing3_Ex_RH-Character",
        "position": [
          8.46802e-9,
          2.06559e-9,
          -2.79043
        ],
        "rotation": [
          0.00000333891,
          -2.99992,
          -0.0000311718
        ],
        "scale": [
          1,
          1,
          1
        ],
        "scaleCompensation": false
      },
      {
        "name": "RightShoulder_Ex_RH-Character",
        "position": [
          -3.99846,
          -0.501718,
          -23.5172
        ],
        "rotation": [
          128.685,
          80.5705,
          129.264
        ],
        "scale": [
          1,
          1,
          1
        ],
        "scaleCompensation": false
      },
      {
        "name": "RightArm_Ex_RH-Character",
        "position": [
          1.28186e-7,
          -3.55459e-8,
          -18.1682
        ],
        "rotation": [
          2.72741,
          1.35902,
          178.489
        ],
        "scale": [
          1,
          1,
          1
        ],
        "scaleCompensation": false
      },
      {
        "name": "RightForeArm_Ex_RH-Character",
        "position": [
          1.9051e-9,
          1.1768e-8,
          -26.6112
        ],
        "rotation": [
          -3.80712,
          4.21079,
          -0.140009
        ],
        "scale": [
          1,
          1,
          1
        ],
        "scaleCompensation": false
      },
      {
        "name": "RightHand_Ex_RH-Character",
        "position": [
          -1.42197e-7,
          -3.16911e-8,
          -34.7635
        ],
        "rotation": [
          -0.675516,
          -1.72661,
          -0.0248663
        ],
        "scale": [
          1,
          1,
          1
        ],
        "scaleCompensation": false
      },
      {
        "name": "RightThumb1_Ex_RH-Character",
        "position": [
          1.14441,
          -3.35326,
          -3.10696
        ],
        "rotation": [
          -43.964,
          43.6239,
          59.572
        ],
        "scale": [
          1,
          1,
          1
        ],
        "scaleCompensation": false
      },
      {
        "name": "RightThumb2_Ex_RH-Character",
        "position": [
          -7.92712e-8,
          -1.02288e-7,
          -2.72067
        ],
        "rotation": [
          0.0000554397,
          -13.7,
          -0.00000449126
        ],
        "scale": [
          1,
          1,
          1
        ],
        "scaleCompensation": false
      },
      {
        "name": "RightThumb3_Ex_RH-Character",
        "position": [
          7.1663e-8,
          1.98804e-8,
          -2.13939
        ],
        "rotation": [
          -0.000056349,
          -0.00000939151,
          0
        ],
        "scale": [
          1,
          1,
          1
        ],
        "scaleCompensation": false
      },
      {
        "name": "RightIndex1_Ex_RH-Character",
        "position": [
          -1.07187,
          -3.84663,
          -10.2648
        ],
        "rotation": [
          9.00494,
          -3.89049,
          -176.933
        ],
        "scale": [
          1,
          1,
          1
        ],
        "scaleCompensation": false
      },
      {
        "name": "RightIndex2_Ex_RH-Character",
        "position": [
          1.04728e-8,
          1.93163e-8,
          -3.23194
        ],
        "rotation": [
          -0.00000321075,
          5.39989,
          0
        ],
        "scale": [
          1,
          1,
          1
        ],
        "scaleCompensation": false
      },
      {
        "name": "RightIndex3_Ex_RH-Character",
        "position": [
          4.09855e-9,
          8.65865e-9,
          -3.17923
        ],
        "rotation": [
          -0.00000342484,
          5.69996,
          180
        ],
        "scale": [
          1,
          1,
          1
        ],
        "scaleCompensation": false
      },
      {
        "name": "RightRing1_Ex_RH-Character",
        "position": [
          -0.705404,
          3.12991,
          -10.8482
        ],
        "rotation": [
          -6.21548,
          -5.74648,
          176.007
        ],
        "scale": [
          1,
          1,
          1
        ],
        "scaleCompensation": false
      },
      {
        "name": "RightRing2_Ex_RH-Character",
        "position": [
          2.53172e-9,
          -3.28404e-10,
          -3.0288
        ],
        "rotation": [
          0.0000193446,
          5.09981,
          0
        ],
        "scale": [
          1,
          1,
          1
        ],
        "scaleCompensation": false
      },
      {
        "name": "RightRing3_Ex_RH-Character",
        "position": [
          -2.50283e-9,
          -1.10118e-8,
          -2.79043
        ],
        "rotation": [
          0.0000107836,
          2.99992,
          180
        ],
        "scale": [
          1,
          1,
          1
        ],
        "scaleCompensation": false
      },
      {
        "name": "LeftWing_Ex_RH-Character",
        "position": [
          18.5321,
          -2.27474,
          -8.54252
        ],
        "rotation": [
          180,
          -41.7,
          180
        ],
        "scale": [
          1,
          1,
          1
        ],
        "scaleCompensation": false
      },
      {
        "name": "RightWing_Ex_RH-Character",
        "position": [
          -18.5321,
          -2.27474,
          -8.54252
        ],
        "rotation": [
          180,
          41.7,
          180
        ],
        "scale": [
          1,
          1,
          1
        ],
        "scaleCompensation": false
      },
      {
        "name": "LeftUpLeg_Ex_RH-Character",
        "position": [
          8.56752,
          -6.04307,
          -0.175378
        ],
        "rotation": [
          -5.79799,
          88.1285,
          86.2604
        ],
        "scale": [
          1,
          1,
          1
        ],
        "scaleCompensation": false
      },
      {
        "name": "LeftLeg_Ex_RH-Character",
        "position": [
          -3.60318e-8,
          -2.53673e-8,
          -45.2555
        ],
        "rotation": [
          -5.22564,
          -1.23243,
          90.0343
        ],
        "scale": [
          1,
          1,
          1
        ],
        "scaleCompensation": false
      },
      {
        "name": "LeftFoot_Ex_RH-Character",
        "position": [
          3.65916e-8,
          -1.78109e-7,
          -40.9116
        ],
        "rotation": [
          66.0409,
          -1.47569,
          2.5928
        ],
        "scale": [
          1,
          1,
          1
        ],
        "scaleCompensation": false
      },
      {
        "name": "LeftToes_Ex_RH-Character",
        "position": [
          -4.05348e-8,
          -5.4824e-7,
          -18.7279
        ],
        "rotation": [
          30.9701,
          0.00000671249,
          0
        ],
        "scale": [
          1,
          1,
          1
        ],
        "scaleCompensation": false
      },
      {
        "name": "RightUpLeg_Ex_RH-Character",
        "position": [
          -8.56444,
          -6.04307,
          -0.175376
        ],
        "rotation": [
          5.79794,
          88.1285,
          93.7395
        ],
        "scale": [
          1,
          1,
          1
        ],
        "scaleCompensation": false
      },
      {
        "name": "RightLeg_Ex_RH-Character",
        "position": [
          5.42838e-7,
          0.00000101727,
          -45.2555
        ],
        "rotation": [
          -5.22564,
          1.23244,
          89.9657
        ],
        "scale": [
          1,
          1,
          1
        ],
        "scaleCompensation": false
      },
      {
        "name": "RightFoot_Ex_RH-Character",
        "position": [
          -1.72521e-8,
          -9.51912e-8,
          -40.9116
        ],
        "rotation": [
          66.0409,
          1.47568,
          -2.5928
        ],
        "scale": [
          1,
          1,
          1
        ],
        "scaleCompensation": false
      },
      {
        "name": "RightToes_Ex_RH-Character",
        "position": [
          -6.72764e-8,
          4.17213e-7,
          -18.7279
        ],
        "rotation": [
          30.9701,
          -0.0000109517,
          0
        ],
        "scale": [
          1,
          1,
          1
        ],
        "scaleCompensation": false
      },
      {
        "name": "CharacterBodyMesh",
        "position": [
          0,
          0,
          0
        ],
        "rotation": [
          0,
          0,
          0
        ],
        "scale": [
          1,
          1,
          1
        ],
        "scaleCompensation": false
      },
      {
        "name": "RonCharacter:RonHead1",
        "position": [
          0,
          0,
          0
        ],
        "rotation": [
          0,
          0,
          0
        ],
        "scale": [
          1,
          1,
          1
        ],
        "scaleCompensation": false
      },
      {
        "name": "RonCharacter:Drystrike_Torso",
        "position": [
          0,
          0,
          0
        ],
        "rotation": [
          0,
          0,
          0
        ],
        "scale": [
          1,
          1,
          1
        ],
        "scaleCompensation": false
      },
      {
        "name": "RonCharacter:Drystrike_Legs",
        "position": [
          0,
          0,
          0
        ],
        "rotation": [
          0,
          0,
          0
        ],
        "scale": [
          1,
          1,
          1
        ],
        "scaleCompensation": false
      },
      {
        "name": "RonCharacter:Drystrike_Feet",
        "position": [
          0,
          0,
          0
        ],
        "rotation": [
          0,
          0,
          0
        ],
        "scale": [
          1,
          1,
          1
        ],
        "scaleCompensation": false
      },
      {
        "name": "CharacterWingsuitBodyMesh",
        "position": [
          0,
          0,
          0
        ],
        "rotation": [
          0,
          0,
          0
        ],
        "scale": [
          1,
          1,
          1
        ],
        "scaleCompensation": false
      },
      {
        "name": "RonaldoWingsuit",
        "position": [
          0,
          0,
          0
        ],
        "rotation": [
          0,
          0,
          0
        ],
        "scale": [
          1,
          1,
          1
        ],
        "scaleCompensation": false
      },
      {
        "name": "BoardNode_Wheels",
        "position": [
          0,
          0,
          0
        ],
        "rotation": [
          0,
          0,
          0
        ],
        "scale": [
          1,
          1,
          1
        ],
        "scaleCompensation": false
      },
      {
        "name": "BoardNode_DeckandTrucks",
        "position": [
          0,
          0,
          0
        ],
        "rotation": [
          0,
          0,
          0
        ],
        "scale": [
          1,
          1,
          1
        ],
        "scaleCompensation": false
      },
      {
        "name": "RonaldoCharacter_",
        "position": [
          0,
          0,
          0
        ],
        "rotation": [
          0,
          0,
          0
        ],
        "scale": [
          1,
          1,
          1
        ],
        "scaleCompensation": false
      },
      {
        "name": "RonaldoCharacter_",
        "position": [
          0,
          0,
          0
        ],
        "rotation": [
          0,
          0,
          0
        ],
        "scale": [
          1,
          1,
          1
        ],
        "scaleCompensation": false
      },
      {
        "name": "FootBallMaster",
        "position": [
          0,
          0,
          0
        ],
        "rotation": [
          0,
          0,
          0
        ],
        "scale": [
          1,
          1,
          1
        ],
        "scaleCompensation": false
      },
      {
        "name": "FootballSquashBottom",
        "position": [
          0,
          -12,
          0
        ],
        "rotation": [
          0,
          0,
          0
        ],
        "scale": [
          1,
          1,
          1
        ],
        "scaleCompensation": false
      },
      {
        "name": "FootballSquashTop",
        "position": [
          0,
          24,
          0
        ],
        "rotation": [
          0,
          0,
          0
        ],
        "scale": [
          1,
          1,
          1
        ],
        "scaleCompensation": false
      },
      {
        "name": "Football",
        "position": [
          0,
          -12,
          0
        ],
        "rotation": [
          0,
          0,
          0
        ],
        "scale": [
          1,
          1,
          1
        ],
        "scaleCompensation": false
      },
      {
        "name": "TV_Node",
        "position": [
          0,
          0,
          0
        ],
        "rotation": [
          0,
          0,
          0
        ],
        "scale": [
          1,
          1,
          1
        ],
        "scaleCompensation": false
      }
    ],
    "parents": [
      -1,
      0,
      1,
      2,
      3,
      4,
      5,
      6,
      7,
      8,
      9,
      9,
      7,
      12,
      13,
      14,
      15,
      16,
      17,
      15,
      19,
      20,
      15,
      22,
      23,
      7,
      25,
      26,
      27,
      28,
      29,
      30,
      28,
      32,
      33,
      28,
      35,
      36,
      7,
      7,
      4,
      40,
      41,
      42,
      4,
      44,
      45,
      46,
      2,
      48,
      48,
      48,
      48,
      2,
      53,
      2,
      55,
      56,
      55,
      2,
      59,
      60,
      61,
      2
    ],
    "skins": [
      {
        "inverseBindMatrices": [
          [
            1,
            0,
            -8.74206e-8,
            0,
            0,
            1,
            0,
            0,
            8.74206e-8,
            0,
            1,
            0,
            0.00153802,
            -103.412,
            -0.470117,
            1
          ],
          [
            1,
            -8.74116e-8,
            1.77294e-9,
            0,
            8.86478e-10,
            -0.0101402,
            -0.999949,
            0,
            8.74251e-8,
            0.999949,
            -0.0101402,
            0,
            0.00153783,
            -0.310616,
            113.482,
            1
          ],
          [
            1,
            -1.69767e-10,
            2.41167e-9,
            0,
            2.41761e-9,
            0.0651683,
            -0.997874,
            0,
            1.22416e-11,
            0.997874,
            0.0651683,
            0,
            0.00153778,
            -9.70728,
            124.451,
            1
          ],
          [
            1,
            -2.60671e-10,
            2.40355e-9,
            0,
            2.41761e-9,
            0.102785,
            -0.994704,
            0,
            1.22416e-11,
            0.994704,
            0.102785,
            0,
            0.00153778,
            -14.8055,
            134.795,
            1
          ],
          [
            1,
            5.79299e-10,
            2.34721e-9,
            0,
            2.41761e-9,
            -0.244526,
            -0.969643,
            0,
            1.22406e-11,
            0.969643,
            -0.244526,
            0,
            0.00153778,
            42.7904,
            160.403,
            1
          ],
          [
            1,
            -0.000153806,
            -0.000153803,
            0,
            -0.000153803,
            -7.88105e-9,
            -1,
            0,
            0.000153806,
            1,
            -3.15369e-8,
            0,
            0.0283312,
            0.266496,
            173.936,
            1
          ],
          [
            -0.103691,
            0.00342735,
            -0.994604,
            0,
            -0.994301,
            -0.0252689,
            0.103572,
            0,
            -0.0247776,
            0.999675,
            0.00602797,
            0,
            158.402,
            6.04612,
            -12.4713,
            1
          ],
          [
            0.0799455,
            -0.0535851,
            -0.995358,
            0,
            0.996798,
            0.00284094,
            0.0799083,
            0,
            -0.00145414,
            -0.998559,
            0.0536407,
            0,
            -158.327,
            -1.41414,
            9.53263,
            1
          ],
          [
            0.00651382,
            0.0126387,
            -0.999899,
            0,
            0.999979,
            -0.0000274324,
            0.00651399,
            0,
            0.0000548988,
            -0.99992,
            -0.0126386,
            0,
            -155.248,
            -4.19029,
            47.4984,
            1
          ],
          [
            0.0366438,
            0.0244159,
            -0.99903,
            0,
            0.999328,
            -0.000893375,
            0.0366329,
            0,
            0.0000019168,
            -0.999701,
            -0.0244322,
            0,
            -157.658,
            -5.03688,
            77.4927,
            1
          ],
          [
            -0.691487,
            0.531771,
            -0.488943,
            0,
            0.390625,
            0.844602,
            0.366141,
            0,
            0.607666,
            0.0621884,
            -0.791754,
            0,
            -0.443575,
            -175.517,
            -13.7646,
            1
          ],
          [
            -0.556012,
            0.531772,
            -0.638803,
            0,
            0.292794,
            0.844601,
            0.448241,
            0,
            0.777896,
            0.0621895,
            -0.625308,
            0,
            2.18491,
            -175.517,
            -10.835,
            1
          ],
          [
            -0.556012,
            0.531771,
            -0.638803,
            0,
            0.292795,
            0.844602,
            0.44824,
            0,
            0.777895,
            0.0621886,
            -0.625309,
            0,
            2.18485,
            -175.517,
            -8.69534,
            1
          ],
          [
            -0.0325801,
            0.182399,
            -0.982685,
            0,
            0.99813,
            0.0568087,
            -0.0225478,
            0,
            0.0517123,
            -0.981582,
            -0.183909,
            0,
            -152.12,
            -24.9492,
            95.5783,
            1
          ],
          [
            0.0600414,
            0.182399,
            -0.98139,
            0,
            0.995823,
            0.0568087,
            0.0714828,
            0,
            0.0687899,
            -0.981582,
            -0.178226,
            0,
            -160.743,
            -24.9492,
            84.0562,
            1
          ],
          [
            -0.037726,
            0.182399,
            -0.982501,
            0,
            0.997999,
            0.0568084,
            -0.0277748,
            0,
            0.0507482,
            -0.981582,
            -0.184177,
            0,
            -151.284,
            -24.9491,
            102.769,
            1
          ],
          [
            -0.0619671,
            -0.0863575,
            -0.994335,
            0,
            0.995498,
            -0.0769346,
            -0.0553578,
            0,
            -0.0717182,
            -0.993289,
            0.0907362,
            0,
            -148.906,
            14.1004,
            102.85,
            1
          ],
          [
            0.0266656,
            -0.0863573,
            -0.995907,
            0,
            0.996478,
            -0.0769346,
            0.0333521,
            0,
            -0.0794999,
            -0.993289,
            0.0840016,
            0,
            -157.728,
            14.1004,
            92.2231,
            1
          ],
          [
            -0.0254911,
            -0.0863574,
            -0.995938,
            0,
            0.996858,
            -0.076934,
            -0.0188437,
            0,
            -0.0749942,
            -0.993289,
            0.0880472,
            0,
            -152.539,
            14.1003,
            103.138,
            1
          ],
          [
            -0.103691,
            -0.00342735,
            0.994604,
            0,
            0.994301,
            -0.0252689,
            0.103572,
            0,
            0.0247776,
            0.999675,
            0.00602797,
            0,
            -158.402,
            6.04612,
            -12.4713,
            1
          ],
          [
            0.0799455,
            0.0535851,
            0.995358,
            0,
            -0.996798,
            0.00284094,
            0.0799083,
            0,
            0.00145414,
            -0.998559,
            0.0536407,
            0,
            158.327,
            -1.41414,
            9.53263,
            1
          ],
          [
            0.00651383,
            -0.0126387,
            0.999899,
            0,
            -0.999979,
            -0.0000274325,
            0.006514,
            0,
            -0.0000548988,
            -0.99992,
            -0.0126386,
            0,
            155.248,
            -4.19029,
            47.4984,
            1
          ],
          [
            0.0366439,
            -0.0244159,
            0.99903,
            0,
            -0.999328,
            -0.000893375,
            0.036633,
            0,
            -0.00000191924,
            -0.999701,
            -0.0244322,
            0,
            157.658,
            -5.03688,
            77.4927,
            1
          ],
          [
            -0.691058,
            -0.532485,
            0.488772,
            0,
            -0.3922,
            0.844259,
            0.365247,
            0,
            -0.607139,
            0.0607105,
            -0.792273,
            0,
            0.721933,
            -175.525,
            -13.642,
            1
          ],
          [
            -0.555638,
            -0.532485,
            0.638535,
            0,
            -0.294538,
            0.84426,
            0.447742,
            0,
            -0.777505,
            0.0607096,
            -0.625939,
            0,
            -1.88516,
            -175.525,
            -10.7814,
            1
          ],
          [
            -0.555637,
            -0.532485,
            0.638535,
            0,
            -0.294537,
            0.844259,
            0.447743,
            0,
            -0.777505,
            0.0607108,
            -0.625939,
            0,
            -1.88506,
            -175.525,
            -8.64231,
            1
          ],
          [
            0.0325802,
            0.182399,
            0.982685,
            0,
            0.99813,
            -0.0568094,
            -0.0225478,
            0,
            0.051713,
            0.981582,
            -0.183909,
            0,
            -152.12,
            24.9493,
            95.5783,
            1
          ],
          [
            -0.0600413,
            0.182399,
            0.98139,
            0,
            0.995823,
            -0.0568094,
            0.0714828,
            0,
            0.0687906,
            0.981582,
            -0.178226,
            0,
            -160.743,
            24.9493,
            84.0562,
            1
          ],
          [
            -0.0377262,
            -0.182399,
            0.982501,
            0,
            -0.997999,
            0.0568095,
            -0.0277748,
            0,
            -0.0507493,
            -0.981582,
            -0.184177,
            0,
            151.284,
            -24.9493,
            102.769,
            1
          ],
          [
            0.0619669,
            -0.0863576,
            0.994335,
            0,
            0.995498,
            0.0769324,
            -0.0553578,
            0,
            -0.071716,
            0.993289,
            0.0907361,
            0,
            -148.906,
            -14.1001,
            102.85,
            1
          ],
          [
            -0.0266658,
            -0.0863573,
            0.995907,
            0,
            0.996478,
            0.0769324,
            0.0333521,
            0,
            -0.0794977,
            0.993289,
            0.0840017,
            0,
            -157.728,
            -14.1,
            92.2231,
            1
          ],
          [
            -0.0254909,
            0.0863575,
            0.995938,
            0,
            -0.996858,
            -0.0769323,
            -0.0188437,
            0,
            0.0749925,
            -0.993289,
            0.0880473,
            0,
            152.539,
            14.1,
            103.138,
            1
          ],
          [
            -0.746638,
            2.55571e-8,
            -0.66523,
            0,
            -0.661707,
            0.102785,
            0.742684,
            0,
            0.0683756,
            0.994704,
            -0.0767432,
            0,
            109.188,
            -12.5307,
            -94.6941,
            1
          ],
          [
            -0.746638,
            -2.60784e-8,
            0.66523,
            0,
            0.661707,
            0.102785,
            0.742684,
            0,
            -0.0683756,
            0.994704,
            -0.0767432,
            0,
            -109.19,
            -12.5307,
            -94.692,
            1
          ],
          [
            0.0021293,
            -0.999351,
            -0.0359526,
            0,
            0.0325879,
            -0.0358643,
            0.998825,
            0,
            -0.999467,
            -0.00329842,
            0.0324904,
            0,
            -2.8967,
            12.0535,
            -96.956,
            1
          ],
          [
            -0.999894,
            -0.000207649,
            -0.0145294,
            0,
            -0.0143926,
            -0.123452,
            0.992246,
            0,
            -0.00199972,
            0.992351,
            0.123436,
            0,
            10.9404,
            7.60878,
            -51.4688,
            1
          ],
          [
            -0.998923,
            0.0285184,
            -0.0365978,
            0,
            0.00559718,
            0.857103,
            0.515114,
            0,
            0.0460583,
            0.514355,
            -0.85634,
            0,
            10.9978,
            -7.02396,
            -10.8974,
            1
          ],
          [
            -0.998923,
            0.00561978,
            -0.0460557,
            0,
            0.00559713,
            0.999984,
            0.00062074,
            0,
            0.0460584,
            0.000362292,
            -0.998939,
            0,
            10.9978,
            -1.99308,
            10.3286,
            1
          ],
          [
            -0.0021298,
            -0.999351,
            0.035953,
            0,
            0.0325879,
            0.0358646,
            0.998825,
            0,
            -0.999467,
            0.00329893,
            0.0324904,
            0,
            -2.89671,
            -12.0535,
            -96.956,
            1
          ],
          [
            -0.999894,
            0.00020836,
            0.0145293,
            0,
            0.0143924,
            -0.123452,
            0.992246,
            0,
            0.00200041,
            0.992351,
            0.123436,
            0,
            -10.9404,
            7.60879,
            -51.4688,
            1
          ],
          [
            -0.998923,
            -0.028518,
            0.0365971,
            0,
            -0.0055972,
            0.857103,
            0.515114,
            0,
            -0.0460575,
            0.514355,
            -0.85634,
            0,
            -10.9978,
            -7.02395,
            -10.8974,
            1
          ],
          [
            -0.998923,
            -0.00561975,
            0.046055,
            0,
            -0.0055971,
            0.999984,
            0.000620645,
            0,
            -0.0460577,
            0.000362202,
            -0.998939,
            0,
            -10.9978,
            -1.99308,
            10.3286,
            1
          ]
        ],
        "boneNames": [
          "Hips_Ex_RH-Character",
          "Spine_Ex_RH-Character",
          "Spine1_Ex_RH-Character",
          "Spine2_Ex_RH-Character",
          "Neck_Ex_RH-Character",
          "Head_Ex_RH-Character",
          "LeftShoulder_Ex_RH-Character",
          "LeftArm_Ex_RH-Character",
          "LeftForeArm_Ex_RH-Character",
          "LeftHand_Ex_RH-Character",
          "LeftThumb1_Ex_RH-Character",
          "LeftThumb2_Ex_RH-Character",
          "LeftThumb3_Ex_RH-Character",
          "LeftIndex1_Ex_RH-Character",
          "LeftIndex2_Ex_RH-Character",
          "LeftIndex3_Ex_RH-Character",
          "LeftRing1_Ex_RH-Character",
          "LeftRing2_Ex_RH-Character",
          "LeftRing3_Ex_RH-Character",
          "RightShoulder_Ex_RH-Character",
          "RightArm_Ex_RH-Character",
          "RightForeArm_Ex_RH-Character",
          "RightHand_Ex_RH-Character",
          "RightThumb1_Ex_RH-Character",
          "RightThumb2_Ex_RH-Character",
          "RightThumb3_Ex_RH-Character",
          "RightIndex1_Ex_RH-Character",
          "RightIndex2_Ex_RH-Character",
          "RightIndex3_Ex_RH-Character",
          "RightRing1_Ex_RH-Character",
          "RightRing2_Ex_RH-Character",
          "RightRing3_Ex_RH-Character",
          "LeftWing_Ex_RH-Character",
          "RightWing_Ex_RH-Character",
          "LeftUpLeg_Ex_RH-Character",
          "LeftLeg_Ex_RH-Character",
          "LeftFoot_Ex_RH-Character",
          "LeftToes_Ex_RH-Character",
          "RightUpLeg_Ex_RH-Character",
          "RightLeg_Ex_RH-Character",
          "RightFoot_Ex_RH-Character",
          "RightToes_Ex_RH-Character"
        ]
      },
      {
        "inverseBindMatrices": [
          [
            1,
            0,
            -8.74206e-8,
            0,
            0,
            1,
            0,
            0,
            8.74206e-8,
            0,
            1,
            0,
            0.00153802,
            -103.412,
            -0.470117,
            1
          ],
          [
            1,
            -8.74116e-8,
            1.77294e-9,
            0,
            8.86478e-10,
            -0.0101402,
            -0.999949,
            0,
            8.74251e-8,
            0.999949,
            -0.0101402,
            0,
            0.00153783,
            -0.310616,
            113.482,
            1
          ],
          [
            1,
            -1.69767e-10,
            2.41167e-9,
            0,
            2.41761e-9,
            0.0651683,
            -0.997874,
            0,
            1.22416e-11,
            0.997874,
            0.0651683,
            0,
            0.00153778,
            -9.70728,
            124.451,
            1
          ],
          [
            1,
            -2.60671e-10,
            2.40355e-9,
            0,
            2.41761e-9,
            0.102785,
            -0.994704,
            0,
            1.22416e-11,
            0.994704,
            0.102785,
            0,
