{
  "model": {
    "version": 2,
    "nodes": [
      {
        "name": "RootNode",
        "position": [
          0,
          0,
          0
        ],
        "rotation": [
          0,
          0,
          0
        ],
        "scale": [
          1,
          1,
          1
        ],
        "scaleCompensation": false
      },
      {
        "name": "CharacterRoot",
        "position": [
          0,
          0,
          0
        ],
        "rotation": [
          180,
          0.00000500896,
          180
        ],
        "scale": [
          0.01,
          0.01,
          0.01
        ],
        "scaleCompensation": false
      },
      {
        "name": "SquashStretchRoot",
        "position": [
          0,
          0,
          0
        ],
        "rotation": [
          0,
          0,
          0
        ],
        "scale": [
          1,
          1,
          1
        ],
        "scaleCompensation": false
      },
      {
        "name": "CharacterBones",
        "position": [
          0,
          0,
          0
        ],
        "rotation": [
          0,
          0,
          0
        ],
        "scale": [
          1,
          1,
          1
        ],
        "scaleCompensation": false
      },
      {
        "name": "Hips_Ex_RH-Character",
        "position": [
          0.0434954,
          85.9421,
          8.42504
        ],
        "rotation": [
          28.8833,
          2.69923,
          2.8516
        ],
        "scale": [
          1,
          1,
          1
        ],
        "scaleCompensation": false
      },
      {
        "name": "Spine_Ex_RH-Character",
        "position": [
          -1.53298,
          9.66333,
          3.01864
        ],
        "rotation": [
          97.4243,
          -7.27895,
          -3.50208
        ],
        "scale": [
          1,
          1,
          1
        ],
        "scaleCompensation": false
      },
      {
        "name": "Spine1_Ex_RH-Character",
        "position": [
          -1.30834e-8,
          -7.76248e-7,
          -11.3471
        ],
        "rotation": [
          -4.28973,
          -0.96093,
          3.86077
        ],
        "scale": [
          1,
          1,
          1
        ],
        "scaleCompensation": false
      },
      {
        "name": "Spine2_Ex_RH-Character",
        "position": [
          -9.85475e-8,
          -6.0114e-7,
          -10.8074
        ],
        "rotation": [
          -2.77082,
          -2.06799,
          3.72584
        ],
        "scale": [
          1,
          1,
          1
        ],
        "scaleCompensation": false
      },
      {
        "name": "Neck_Ex_RH-Character",
        "position": [
          -3.12298e-7,
          4.75551e-8,
          -30.5654
        ],
        "rotation": [
          19.71,
          2.59659,
          -2.23411
        ],
        "scale": [
          1,
          1,
          1
        ],
        "scaleCompensation": false
      },
      {
        "name": "Head_Ex_RH-Character",
        "position": [
          7.54832e-8,
          -6.04603e-7,
          -8.18777
        ],
        "rotation": [
          -41.0749,
          -0.131411,
          -8.96048
        ],
        "scale": [
          1,
          1,
          1
        ],
        "scaleCompensation": false
      },
      {
        "name": "Face_Ex_RH-Character",
        "position": [
          0,
          0,
          0
        ],
        "rotation": [
          0,
          0,
          0
        ],
        "scale": [
          0.1,
          0.1,
          0.2
        ],
        "scaleCompensation": false
      },
      {
        "name": "HatNode",
        "position": [
          0,
          0,
          0
        ],
        "rotation": [
          0,
          0,
          0
        ],
        "scale": [
          1,
          1,
          1
        ],
        "scaleCompensation": false
      },
      {
        "name": "LeftShoulder_Ex_RH-Character",
        "position": [
          3.94732,
          -0.191875,
          -23.4805
        ],
        "rotation": [
          67.0611,
          -83.1327,
          -42.187
        ],
        "scale": [
          1,
          1,
          1
        ],
        "scaleCompensation": false
      },
      {
        "name": "LeftArm_Ex_RH-Character",
        "position": [
          2.89006e-7,
          -0.00000145843,
          -18.1682
        ],
        "rotation": [
          -53.7982,
          45.5276,
          157.608
        ],
        "scale": [
          1,
          1,
          1
        ],
        "scaleCompensation": false
      },
      {
        "name": "LeftForeArm_Ex_RH-Character",
        "position": [
          7.95633e-7,
          -1.74743e-7,
          -26.6112
        ],
        "rotation": [
          -100.579,
          -2.07798,
          1.84735
        ],
        "scale": [
          1,
          1,
          1
        ],
        "scaleCompensation": false
      },
      {
        "name": "LeftHand_Ex_RH-Character",
        "position": [
          4.24844e-7,
          9.46625e-7,
          -34.7535
        ],
        "rotation": [
          -18.8901,
          18.3163,
          5.76665
        ],
        "scale": [
          1,
          1,
          1
        ],
        "scaleCompensation": false
      },
      {
        "name": "LeftThumb1_Ex_RH-Character",
        "position": [
          -1.14441,
          -3.35326,
          -3.10696
        ],
        "rotation": [
          -44.3254,
          -30.5661,
          -99.8618
        ],
        "scale": [
          1,
          1,
          1
        ],
        "scaleCompensation": false
      },
      {
        "name": "LeftThumb2_Ex_RH-Character",
        "position": [
          4.91429e-8,
          1.23124e-7,
          -2.72066
        ],
        "rotation": [
          -0.0000438491,
          45,
          0.000036428
        ],
        "scale": [
          1,
          1,
          1
        ],
        "scaleCompensation": false
      },
      {
        "name": "LeftThumb3_Ex_RH-Character",
        "position": [
          -1.24193e-8,
          2.79283e-9,
          -2.13939
        ],
        "rotation": [
          0.000126711,
          44.9999,
          0.0000826024
        ],
        "scale": [
          1,
          1,
          1
        ],
        "scaleCompensation": false
      },
      {
        "name": "LeftIndex1_Ex_RH-Character",
        "position": [
          0.703176,
          -3.73316,
          -9.69834
        ],
        "rotation": [
          -64.9426,
          80.0736,
          -68.2927
        ],
        "scale": [
          1,
          1,
          1
        ],
        "scaleCompensation": false
      },
      {
        "name": "LeftIndex2_Ex_RH-Character",
        "position": [
          -2.37308e-9,
          4.41885e-8,
          -2.90604
        ],
        "rotation": [
          0.00000874188,
          89.7,
          0
        ],
        "scale": [
          1,
          1,
          1
        ],
        "scaleCompensation": false
      },
      {
        "name": "LeftIndex3_Ex_RH-Character",
        "position": [
          -1.28838e-7,
          7.57031e-8,
          -3.17923
        ],
        "rotation": [
          -0.0029435,
          89.7,
          -0.00300074
        ],
        "scale": [
          1,
          1,
          1
        ],
        "scaleCompensation": false
      },
      {
        "name": "LeftRing1_Ex_RH-Character",
        "position": [
          0.317029,
          3.03069,
          -10.2241
        ],
        "rotation": [
          64.3657,
          83.1377,
          68.823
        ],
        "scale": [
          1,
          1,
          1
        ],
        "scaleCompensation": false
      },
      {
        "name": "LeftRing2_Ex_RH-Character",
        "position": [
          9.16182e-8,
          1.2274e-8,
          -3.0288
        ],
        "rotation": [
          0.0000152588,
          92.8,
          0
        ],
        "scale": [
          1,
          1,
          1
        ],
        "scaleCompensation": false
      },
      {
        "name": "LeftRing3_Ex_RH-Character",
        "position": [
          -9.5103e-8,
          -3.90851e-8,
          -2.79042
        ],
        "rotation": [
          0.000350952,
          92.8,
          0.000350952
        ],
        "scale": [
          1,
          1,
          1
        ],
        "scaleCompensation": false
      },
      {
        "name": "RightShoulder_Ex_RH-Character",
        "position": [
          -4.03442,
          -0.725264,
          -23.5663
        ],
        "rotation": [
          -62.0717,
          104.262,
          -36.1008
        ],
        "scale": [
          1,
          1,
          1
        ],
        "scaleCompensation": false
      },
      {
        "name": "RightArm_Ex_RH-Character",
        "position": [
          -2.57131e-7,
          -6.42167e-7,
          -18.1682
        ],
        "rotation": [
          -0.721264,
          -60.714,
          -134.925
        ],
        "scale": [
          1,
          1,
          1
        ],
        "scaleCompensation": false
      },
      {
        "name": "RightForeArm_Ex_RH-Character",
        "position": [
          1.70632e-7,
          -6.16629e-7,
          -26.6112
        ],
        "rotation": [
          -62.1813,
          3.26359,
          -1.64991
        ],
        "scale": [
          1,
          1,
          1
        ],
        "scaleCompensation": false
      },
      {
        "name": "RightHand_Ex_RH-Character",
        "position": [
          1.55266e-7,
          0.00000204258,
          -34.7535
        ],
        "rotation": [
          0.824766,
          -1.82715,
          -0.0262978
        ],
        "scale": [
          1,
          1,
          1
        ],
        "scaleCompensation": false
      },
      {
        "name": "RightThumb1_Ex_RH-Character",
        "position": [
          1.14441,
          -3.35326,
          -3.10696
        ],
        "rotation": [
          -30.431,
          32.9242,
          112.208
        ],
        "scale": [
          1,
          1,
          1
        ],
        "scaleCompensation": false
      },
      {
        "name": "RightThumb2_Ex_RH-Character",
        "position": [
          -3.13947e-8,
          -1.54272e-8,
          -2.72067
        ],
        "rotation": [
          -5.80001,
          -37.9999,
          0.0000270598
        ],
        "scale": [
          1,
          1,
          1
        ],
        "scaleCompensation": false
      },
      {
        "name": "RightThumb3_Ex_RH-Character",
        "position": [
          -4.46137e-8,
          5.00318e-8,
          -2.13939
        ],
        "rotation": [
          -0.0000541586,
          -45.7,
          0.0000410779
        ],
        "scale": [
          1,
          1,
          1
        ],
        "scaleCompensation": false
      },
      {
        "name": "RightIndex1_Ex_RH-Character",
        "position": [
          -0.381597,
          -3.79259,
          -10.2042
        ],
        "rotation": [
          72.2271,
          80.0308,
          -112.231
        ],
        "scale": [
          1,
          1,
          1
        ],
        "scaleCompensation": false
      },
      {
        "name": "RightIndex2_Ex_RH-Character",
        "position": [
          -3.31343e-8,
          -9.7172e-9,
          -2.90604
        ],
        "rotation": [
          -0.00000511011,
          89.6,
          0
        ],
        "scale": [
          1,
          1,
          1
        ],
        "scaleCompensation": false
      },
      {
        "name": "RightIndex3_Ex_RH-Character",
        "position": [
          7.27466e-8,
          5.84062e-8,
          -3.17923
        ],
        "rotation": [
          -0.00217435,
          -89.6,
          -179.998
        ],
        "scale": [
          1,
          1,
          1
        ],
        "scaleCompensation": false
      },
      {
        "name": "RightRing1_Ex_RH-Character",
        "position": [
          0.127979,
          2.95067,
          -9.81856
        ],
        "rotation": [
          -50.7802,
          82.7558,
          116.906
        ],
        "scale": [
          1,
          1,
          1
        ],
        "scaleCompensation": false
      },
      {
        "name": "RightRing2_Ex_RH-Character",
        "position": [
          1.565e-7,
          6.72615e-8,
          -3.0288
        ],
        "rotation": [
          0.0000152588,
          92,
          0
        ],
        "scale": [
          1,
          1,
          1
        ],
        "scaleCompensation": false
      },
      {
        "name": "RightRing3_Ex_RH-Character",
        "position": [
          1.15064e-8,
          -7.72409e-9,
          -2.79042
        ],
        "rotation": [
          179.999,
          -88,
          0.000874425
        ],
        "scale": [
          1,
          1,
          1
        ],
        "scaleCompensation": false
      },
      {
        "name": "LeftWing_Ex_RH-Character",
        "position": [
          18.5321,
          -2.27474,
          -8.54252
        ],
        "rotation": [
          0,
          -138.3,
          0
        ],
        "scale": [
          1,
          1,
          1
        ],
        "scaleCompensation": false
      },
      {
        "name": "RightWing_Ex_RH-Character",
        "position": [
          -18.5321,
          -2.27474,
          -8.54252
        ],
        "rotation": [
          0,
          138.3,
          0
        ],
        "scale": [
          1,
          1,
          1
        ],
        "scaleCompensation": false
      },
      {
        "name": "LeftUpLeg_Ex_RH-Character",
        "position": [
          8.56751,
          -6.04307,
          -0.175377
        ],
        "rotation": [
          14.1417,
          112.096,
          105.527
        ],
        "scale": [
          1,
          1,
          1
        ],
        "scaleCompensation": false
      },
      {
        "name": "LeftLeg_Ex_RH-Character",
        "position": [
          -0.00000244559,
          0.00000146332,
          -45.2555
        ],
        "rotation": [
          -95.3303,
          -0.549867,
          90.647
        ],
        "scale": [
          1,
          1,
          1
        ],
        "scaleCompensation": false
      },
      {
        "name": "LeftFoot_Ex_RH-Character",
        "position": [
          1.12361e-7,
          0.00000170321,
          -40.9116
        ],
        "rotation": [
          33.0453,
          -3.43256,
          0.970476
        ],
        "scale": [
          1,
          1,
          1
        ],
        "scaleCompensation": false
      },
      {
        "name": "LeftToes_Ex_RH-Character",
        "position": [
          -8.99766e-8,
          6.05004e-8,
          -18.7279
        ],
        "rotation": [
          30.9732,
          -0.000132548,
          0
        ],
        "scale": [
          1,
          1,
          1
        ],
        "scaleCompensation": false
      },
      {
        "name": "RightUpLeg_Ex_RH-Character",
        "position": [
          -8.56444,
          -6.04307,
          -0.175375
        ],
        "rotation": [
          -177.932,
          10.9545,
          -79.1021
        ],
        "scale": [
          1,
          1,
          1
        ],
        "scaleCompensation": false
      },
      {
        "name": "RightLeg_Ex_RH-Character",
        "position": [
          -0.00000101115,
          -0.00000199006,
          -45.2555
        ],
        "rotation": [
          -37.369,
          1.11501,
          89.6266
        ],
        "scale": [
          1,
          1,
          1
        ],
        "scaleCompensation": false
      },
      {
        "name": "RightFoot_Ex_RH-Character",
        "position": [
          2.35463e-7,
          0.00000150497,
          -40.9116
        ],
        "rotation": [
          67.2611,
          -12.0855,
          -0.53567
        ],
        "scale": [
          1,
          1,
          1
        ],
        "scaleCompensation": false
      },
      {
        "name": "RightToes_Ex_RH-Character",
        "position": [
          2.24185e-7,
          -2.33496e-7,
          -18.7279
        ],
        "rotation": [
          30.9661,
          0.000100043,
          0
        ],
        "scale": [
          1,
          1,
          1
        ],
        "scaleCompensation": false
      },
      {
        "name": "CharacterBodyMesh",
        "position": [
          0,
          0,
          0
        ],
        "rotation": [
          0,
          0,
          0
        ],
        "scale": [
          1,
          1,
          1
        ],
        "scaleCompensation": false
      },
      {
        "name": "Ronaldo_Polygoon",
        "position": [
          0,
          0,
          0
        ],
        "rotation": [
          0,
          0,
          0
        ],
        "scale": [
          1,
          1,
          1
        ],
        "scaleCompensation": false
      },
      {
        "name": "FootBallMaster",
        "position": [
          0,
          -1000,
          0
        ],
        "rotation": [
          0,
          -180,
          0
        ],
        "scale": [
          1,
          1,
          1
        ],
        "scaleCompensation": false
      },
      {
        "name": "FootballSquashBottom",
        "position": [
          0,
          -12,
          0
        ],
        "rotation": [
          0,
          0,
          0
        ],
        "scale": [
          1,
          1,
          1
        ],
        "scaleCompensation": false
      },
      {
        "name": "FootballSquashTop",
        "position": [
          0,
          24,
          0
        ],
        "rotation": [
          0,
          0,
          0
        ],
        "scale": [
          1,
          1,
          1
        ],
        "scaleCompensation": false
      },
      {
        "name": "Football",
        "position": [
          0,
          -12,
          0
        ],
        "rotation": [
          0,
          0,
          0
        ],
        "scale": [
          1,
          1,
          1
        ],
        "scaleCompensation": false
      }
    ],
    "parents": [
      -1,
      0,
      1,
      2,
      3,
      4,
      5,
      6,
      7,
      8,
      9,
      9,
      7,
      12,
      13,
      14,
      15,
      16,
      17,
      15,
      19,
      20,
      15,
      22,
      23,
      7,
      25,
      26,
      27,
      28,
      29,
      30,
      28,
      32,
      33,
      28,
      35,
      36,
      7,
      7,
      4,
      40,
      41,
      42,
      4,
      44,
      45,
      46,
      2,
      48,
      2,
      50,
      51,
      52
    ],
    "skins": [
      {
        "inverseBindMatrices": [
          [
            -1,
            1.22465e-16,
            1.74843e-7,
            0,
            1.22465e-16,
            1,
            -1.22465e-16,
            0,
            -1.74843e-7,
            -1.22465e-16,
            -1,
            0,
            0.00153802,
            -103.412,
            -0.470117,
            1
          ],
          [
            -1,
            1.7483e-7,
            -2.65943e-9,
            0,
            8.86483e-10,
            -0.0101402,
            -0.999949,
            0,
            -1.74848e-7,
            -0.999949,
            0.0101402,
            0,
            0.00153783,
            -0.310616,
            113.482,
            1
          ],
          [
            -1,
            8.74067e-8,
            3.28552e-9,
            0,
            2.41761e-9,
            0.0651683,
            -0.997874,
            0,
            -8.7435e-8,
            -0.997874,
            -0.0651683,
            0,
            0.00153778,
            -9.70728,
            124.451,
            1
          ],
          [
            -1,
            8.72204e-8,
            6.58224e-9,
            0,
            2.41757e-9,
            0.102785,
            -0.994704,
            0,
            -8.7435e-8,
            -0.994704,
            -0.102785,
            0,
            0.00153778,
            -14.8055,
            134.795,
            1
          ],
          [
            -1,
            8.41896e-8,
            -2.37244e-8,
            0,
            2.41765e-9,
            -0.244526,
            -0.969643,
            0,
            -8.7435e-8,
            -0.969643,
            0.244526,
            0,
            0.00153778,
            42.7904,
            160.403,
            1
          ],
          [
            -1,
            0.000153893,
            0.000153803,
            0,
            -0.000153803,
            -7.88105e-9,
            -1,
            0,
            -0.000153893,
            -1,
            3.15503e-8,
            0,
            0.0283312,
            0.266496,
            173.936,
            1
          ],
          [
            0.103691,
            -0.00342726,
            0.994604,
            0,
            -0.994301,
            -0.0252689,
            0.103572,
            0,
            0.0247776,
            -0.999675,
            -0.00602788,
            0,
            158.402,
            6.04612,
            -12.4713,
            1
          ],
          [
            -0.0799455,
            0.053585,
            0.995358,
            0,
            0.996798,
            0.00284094,
            0.0799083,
            0,
            0.00145413,
            0.998559,
            -0.0536406,
            0,
            -158.327,
            -1.41414,
            9.53263,
            1
          ],
          [
            -0.00651382,
            -0.0126388,
            0.999899,
            0,
            0.999979,
            -0.0000274324,
            0.00651399,
            0,
            -0.0000548994,
            0.99992,
            0.0126387,
            0,
            -155.248,
            -4.19029,
            47.4984,
            1
          ],
          [
            -0.0366438,
            -0.024416,
            0.99903,
            0,
            0.999328,
            -0.000893375,
            0.0366329,
            0,
            -0.00000192046,
            0.999701,
            0.0244323,
            0,
            -157.658,
            -5.03688,
            77.4927,
            1
          ],
          [
            0.691487,
            -0.531771,
            0.488943,
            0,
            0.390625,
            0.844602,
            0.366141,
            0,
            -0.607666,
            -0.0621884,
            0.791754,
            0,
            -0.443575,
            -175.517,
            -13.7646,
            1
          ],
          [
            0.556012,
            -0.531772,
            0.638803,
            0,
            0.292794,
            0.844601,
            0.448241,
            0,
            -0.777896,
            -0.0621895,
            0.625308,
            0,
            2.18491,
            -175.517,
            -10.835,
            1
          ],
          [
            0.556012,
            -0.531771,
            0.638803,
            0,
            0.292795,
            0.844602,
            0.44824,
            0,
            -0.777895,
            -0.0621886,
            0.625309,
            0,
            2.18485,
            -175.517,
            -8.69534,
            1
          ],
          [
            0.0325801,
            -0.182399,
            0.982685,
            0,
            0.99813,
            0.0568087,
            -0.0225478,
            0,
            -0.0517123,
            0.981582,
            0.183909,
            0,
            -152.12,
            -24.9492,
            95.5783,
            1
          ],
          [
            -0.0600414,
            -0.182399,
            0.98139,
            0,
            0.995823,
            0.0568087,
            0.0714828,
            0,
            -0.0687899,
            0.981582,
            0.178226,
            0,
            -160.743,
            -24.9492,
            84.0562,
            1
          ],
          [
            0.037726,
            -0.182399,
            0.982501,
            0,
            0.997999,
            0.0568084,
            -0.0277748,
            0,
            -0.0507482,
            0.981582,
            0.184177,
            0,
            -151.284,
            -24.9491,
            102.769,
            1
          ],
          [
            0.061967,
            0.0863574,
            0.994335,
            0,
            0.995498,
            -0.0769346,
            -0.0553578,
            0,
            0.0717182,
            0.993289,
            -0.090736,
            0,
            -148.906,
            14.1004,
            102.85,
            1
          ],
          [
            -0.0266657,
            0.0863572,
            0.995907,
            0,
            0.996478,
            -0.0769346,
            0.0333521,
            0,
            0.0794999,
            0.993289,
            -0.0840015,
            0,
            -157.728,
            14.1004,
            92.2231,
            1
          ],
          [
            0.0254911,
            0.0863573,
            0.995938,
            0,
            0.996858,
            -0.076934,
            -0.0188437,
            0,
            0.0749942,
            0.993289,
            -0.0880471,
            0,
            -152.539,
            14.1003,
            103.138,
            1
          ],
          [
            0.103691,
            0.00342744,
            -0.994604,
            0,
            0.994301,
            -0.0252689,
            0.103572,
            0,
            -0.0247775,
            -0.999675,
            -0.00602806,
            0,
            -158.402,
            6.04612,
            -12.4713,
            1
          ],
          [
            -0.0799455,
            -0.0535852,
            -0.995358,
            0,
            -0.996798,
            0.00284094,
            0.0799083,
            0,
            -0.00145415,
            0.998559,
            -0.0536408,
            0,
            158.327,
            -1.41414,
            9.53263,
            1
          ],
          [
            -0.00651383,
            0.0126387,
            -0.999899,
            0,
            -0.999979,
            -0.0000274325,
            0.006514,
            0,
            0.0000548988,
            0.99992,
            0.0126386,
            0,
            155.248,
            -4.19029,
            47.4984,
            1
          ],
          [
            -0.0366439,
            0.0244158,
            -0.99903,
            0,
            -0.999328,
            -0.000893375,
            0.036633,
            0,
            0.00000191558,
            0.999701,
            0.0244321,
            0,
            157.658,
            -5.03688,
            77.4927,
            1
          ],
          [
            0.691058,
            0.532485,
            -0.488772,
            0,
            -0.3922,
            0.844259,
            0.365247,
            0,
            0.607139,
            -0.0607105,
            0.792273,
            0,
            0.721933,
            -175.525,
            -13.642,
            1
          ],
          [
            0.555638,
            0.532485,
            -0.638535,
            0,
            -0.294538,
            0.84426,
            0.447742,
            0,
            0.777505,
            -0.0607096,
            0.625939,
            0,
            -1.88516,
            -175.525,
            -10.7814,
            1
          ],
          [
            0.555637,
            0.532485,
            -0.638535,
            0,
            -0.294537,
            0.844259,
            0.447744,
            0,
            0.777505,
            -0.0607108,
            0.625939,
            0,
            -1.88504,
            -175.525,
            -8.64233,
            1
          ],
          [
            -0.0325803,
            -0.182399,
            -0.982685,
            0,
            0.99813,
            -0.0568094,
            -0.0225478,
            0,
            -0.051713,
            -0.981582,
            0.183909,
            0,
            -152.12,
            24.9493,
            95.5783,
            1
          ],
          [
            0.0600413,
            -0.182399,
            -0.98139,
            0,
            0.995823,
            -0.0568094,
            0.0714828,
            0,
            -0.0687906,
            -0.981582,
            0.178226,
            0,
            -160.743,
            24.9493,
            84.0562,
            1
          ],
          [
            0.0377262,
            0.182399,
            -0.982501,
            0,
            -0.997999,
            0.0568095,
            -0.0277748,
            0,
            0.0507493,
            0.981582,
            0.184177,
            0,
            151.284,
            -24.9493,
            102.769,
            1
          ],
          [
            -0.0619669,
            0.0863577,
            -0.994335,
            0,
            0.995498,
            0.0769324,
            -0.0553578,
            0,
            0.071716,
            -0.993289,
            -0.0907362,
            0,
            -148.906,
            -14.1001,
            102.85,
            1
          ],
          [
            0.0266658,
            0.0863573,
            -0.995907,
            0,
            0.996478,
            0.0769324,
            0.0333521,
            0,
            0.0794977,
            -0.993289,
            -0.0840017,
            0,
            -157.728,
            -14.1,
            92.2231,
            1
          ],
          [
            0.0254909,
            -0.0863575,
            -0.995938,
            0,
            -0.996858,
            -0.0769323,
            -0.0188437,
            0,
            -0.0749925,
            0.993289,
            -0.0880473,
            0,
            152.539,
            14.1,
            103.138,
            1
          ],
          [
            0.746638,
            6.14834e-8,
            0.66523,
            0,
            -0.661707,
            0.102785,
            0.742684,
            0,
            -0.0683756,
            -0.994704,
            0.0767432,
            0,
            109.188,
            -12.5307,
            -94.6941,
            1
          ],
          [
            0.746638,
            1.13119e-7,
            -0.66523,
            0,
            0.661707,
            0.102785,
            0.742684,
            0,
            0.0683757,
            -0.994704,
            0.0767431,
            0,
            -109.19,
            -12.5307,
            -94.692,
            1
          ],
          [
            -0.00212938,
            0.999351,
            0.0359529,
            0,
            0.0325879,
            -0.0358646,
            0.998825,
            0,
            0.999467,
            0.00329851,
            -0.0324904,
            0,
            -2.8967,
            12.0535,
            -96.956,
            1
          ],
          [
            0.999894,
            0.000207736,
            0.0145294,
            0,
            -0.0143926,
            -0.123452,
            0.992246,
            0,
            0.00199981,
            -0.992351,
            -0.123436,
            0,
            10.9404,
            7.60878,
            -51.4688,
            1
          ],
          [
            0.998923,
            -0.0285184,
            0.0365977,
            0,
            0.00559724,
            0.857103,
            0.515114,
            0,
            -0.0460582,
            -0.514355,
            0.85634,
            0,
            10.9978,
            -7.02396,
            -10.8974,
            1
          ],
          [
            0.998923,
            -0.00561978,
            0.0460556,
            0,
            0.00559713,
            0.999984,
            0.00062074,
            0,
            -0.0460583,
            -0.000362292,
            0.998939,
            0,
            10.9978,
            -1.99308,
            10.3286,
            1
          ],
          [
            0.00212972,
            0.999351,
            -0.0359527,
            0,
            0.0325879,
            0.0358643,
            0.998825,
            0,
            0.999467,
            -0.00329884,
            -0.0324904,
            0,
            -2.89671,
            -12.0535,
            -96.956,
            1
          ],
          [
            0.999894,
            -0.000208273,
            -0.0145293,
            0,
            0.0143924,
            -0.123452,
            0.992246,
            0,
            -0.00200033,
            -0.992351,
            -0.123436,
            0,
            -10.9404,
            7.60879,
            -51.4688,
            1
          ],
          [
            0.998923,
            0.0285181,
            -0.0365972,
            0,
            -0.00559724,
            0.857103,
            0.515114,
            0,
            0.0460576,
            -0.514355,
            0.85634,
            0,
            -10.9978,
            -7.02395,
            -10.8974,
            1
          ],
          [
            0.998923,
            0.00561975,
            -0.0460551,
            0,
            -0.0055971,
            0.999984,
            0.000620645,
            0,
            0.0460578,
            -0.000362201,
            0.998939,
            0,
            -10.9978,
            -1.99308,
            10.3286,
            1
          ]
        ],
        "boneNames": [
          "Hips_Ex_RH-Character",
          "Spine_Ex_RH-Character",
          "Spine1_Ex_RH-Character",
          "Spine2_Ex_RH-Character",
          "Neck_Ex_RH-Character",
          "Head_Ex_RH-Character",
          "LeftShoulder_Ex_RH-Character",
          "LeftArm_Ex_RH-Character",
          "LeftForeArm_Ex_RH-Character",
          "LeftHand_Ex_RH-Character",
          "LeftThumb1_Ex_RH-Character",
          "LeftThumb2_Ex_RH-Character",
          "LeftThumb3_Ex_RH-Character",
          "LeftIndex1_Ex_RH-Character",
          "LeftIndex2_Ex_RH-Character",
          "LeftIndex3_Ex_RH-Character",
          "LeftRing1_Ex_RH-Character",
          "LeftRing2_Ex_RH-Character",
          "LeftRing3_Ex_RH-Character",
          "RightShoulder_Ex_RH-Character",
          "RightArm_Ex_RH-Character",
          "RightForeArm_Ex_RH-Character",
          "RightHand_Ex_RH-Character",
          "RightThumb1_Ex_RH-Character",
          "RightThumb2_Ex_RH-Character",
          "RightThumb3_Ex_RH-Character",
          "RightIndex1_Ex_RH-Character",
          "RightIndex2_Ex_RH-Character",
          "RightIndex3_Ex_RH-Character",
          "RightRing1_Ex_RH-Character",
          "RightRing2_Ex_RH-Character",
          "RightRing3_Ex_RH-Character",
          "LeftWing_Ex_RH-Character",
          "RightWing_Ex_RH-Character",
          "LeftUpLeg_Ex_RH-Character",
          "LeftLeg_Ex_RH-Character",
          "LeftFoot_Ex_RH-Character",
          "LeftToes_Ex_RH-Character",
          "RightUpLeg_Ex_RH-Character",
          "RightLeg_Ex_RH-Character",
          "RightFoot_Ex_RH-Character",
          "RightToes_Ex_RH-Character"
        ]
      }
    ],
    "morphs": [],
    "vertices": [
      {
        "position": {
          "type": "float32",
          "components": 3,
          "data": [
            0.0378041,
            178.875,
            -16.4101,
            0.471361,
            178.978,
            -16.2558,
            0.0789034,
            178.783,
            -15.9568,
            0.498388,
            178.83,
            -15.9323,
            0.56002,
            179.315,
            -16.9373,
            -0.0283913,
            179.183,
            -17.1498,
            1.25475,
            179.566,
            -16.6329,
            1.07773,
            179.186,
            -15.8938,
            1.37408,
            178.912,
            -15.5338,
            1.57808,
            179.299,
            -15.8906,
            0.486769,
            180.749,
            -17.1313,
            -0.0353011,
            180.798,
            -17.2722,
            -0.0315558,
            181.217,
            -16.8414,
            0.431063,
            181.192,
            -16.6783,
            0.596042,
            180.426,
            -17.4807,
            -0.0335355,
            180.504,
            -17.5862,
            -0.048805,
            179.907,
            -17.7133,
            0.659219,
            179.944,
            -17.6032,
            0.893389,
            180.614,
            -16.5062,
            1.11858,
            180.301,
            -16.7504,
            1.33307,
            179.853,
            -16.9191,
            1.81937,
            179.587,
            -15.8932,
            1.95539,
            179.184,
            -15.0526,
            1.49559,
            180.091,
            -16.0334,
            1.38051,
            180.35,
            -15.8546,
            1.79165,
            180.055,
            -15.1941,
            0.855159,
            181.049,
            -16.121,
            1.96091,
            179.647,
            -15.0857,
            1.24067,
            180.689,
            -15.5999,
            1.8205,
            180.264,
            -15.1125,
            2.37949,
            179.698,
            -14.8267,
            3.33219,
            177.265,
            7.47145,
            0.001149,
            177.046,
            7.96593,
            3.23908,
            175.894,
            6.73465,
            -0.000307384,
            175.724,
            6.90831,
            0.0258822,
            180.651,
            9.22124,
            3.65769,
            180.739,
            8.36046,
            5.28702,
            176.558,
            5.36567,
            5.35564,
            177.645,
            6.08532,
            0.00488455,
            183.936,
            10.4876,
            4.15755,
            183.852,
            9.62933,
            5.93503,
            180.668,
            6.86311,
            -0.0000715197,
            187.114,
            10.5829,
            4.52532,
            187.025,
            9.88398,
            4.21147,
            189.096,
            9.74761,
            0.000296219,
            189.341,
            10.3789,
            3.83712,
            190.827,
            9.29632,
            -0.00014445,
            191.36,
            10.153,
            3.65584,
            192.058,
            8.67143,
            -0.000144379,
            192.513,
            9.3381,
            6.70151,
            188.565,
            7.05211,
            6.94949,
            186.222,
            7.23531,
            6.25827,
            190.237,
            6.69583,
            3.07425,
            193.355,
            7.39458,
            -0.000365073,
            193.98,
            7.83872,
            -0.00172343,
            195.582,
            5.60057,
            2.92044,
            195.242,
            5.4464,
            6.06613,
            191.894,
            6.33973,
            5.32478,
            192.634,
            5.57424,
            -0.0729208,
            196.685,
            2.73592,
            3.00694,
            196.341,
            2.625,
            5.70073,
            193.857,
            3.33235,
            3.15592,
            196.604,
            -1.36451,
            -0.160216,
            197.052,
            -1.61422,
            4.94708,
            195.253,
            1.6203,
            3.08307,
            196.698,
            -3.58485,
            -0.243575,
